res = 10
camera_depth = 20
focal length = 0.4

N = 1, 2, 5, 10, 15, 20, 25, 30, 40
Algo: Coordinated
N = 1

coverage : n where tile count > 2
overlap: average number of count for which tile count > 2

array([[[ 3.,  4.,  6.,  2.,  2.,  2.,  0.,  0.,  1.,  2.],
        [ 3.,  4.,  6.,  2.,  2.,  2.,  0.,  0.,  1.,  2.],
        [ 3.,  4.,  6.,  2.,  2.,  2.,  0.,  0.,  1.,  2.],
        [ 3.,  4.,  6.,  2.,  2.,  2.,  0.,  0.,  1.,  2.],
        [ 3.,  4.,  6.,  2.,  2.,  2.,  0.,  0.,  1.,  2.],
        [ 3.,  4.,  6.,  2.,  2.,  2.,  0.,  0.,  1.,  2.],
        [ 3.,  4.,  6.,  2.,  2.,  2.,  0.,  0.,  1.,  2.],
        [ 3.,  4.,  6.,  2.,  2.,  2.,  0.,  0.,  1.,  2.],
        [ 3.,  4.,  6.,  2.,  2.,  2.,  0.,  0.,  1.,  2.],
        [ 3.,  4.,  6.,  2.,  2.,  2.,  0.,  0.,  1.,  2.]],

       [[ 4.,  1.,  0.,  1.,  1.,  2.,  3.,  7.,  4.,  3.],
        [ 4.,  1.,  0.,  1.,  1.,  2.,  3.,  7.,  4.,  3.],
        [ 4.,  1.,  0.,  1.,  1.,  2.,  3.,  7.,  4.,  3.],
        [ 4.,  1.,  0.,  1.,  1.,  2.,  3.,  7.,  4.,  3.],
        [ 4.,  1.,  0.,  1.,  1.,  2.,  3.,  7.,  4.,  3.],
        [ 4.,  1.,  0.,  1.,  1.,  2.,  3.,  7.,  4.,  3.],
        [ 4.,  1.,  0.,  1.,  1.,  2.,  3.,  7.,  4.,  3.],
        [ 4.,  1.,  0.,  1.,  1.,  2.,  3.,  7.,  4.,  3.],
        [ 4.,  1.,  0.,  1.,  1.,  2.,  3.,  7.,  4.,  3.],
        [ 4.,  1.,  0.,  1.,  1.,  2.,  3.,  7.,  4.,  3.]],

       [[ 3.,  1.,  0.,  2.,  2.,  4.,  5., 10.,  9.,  4.],
        [ 3.,  1.,  0.,  2.,  2.,  4.,  5., 10.,  9.,  4.],
        [ 3.,  1.,  0.,  2.,  2.,  4.,  5., 10.,  9.,  4.],
        [ 3.,  1.,  0.,  2.,  2.,  4.,  5., 10.,  9.,  4.],
        [ 3.,  1.,  0.,  2.,  2.,  4.,  5., 10.,  9.,  4.],
        [ 3.,  1.,  0.,  2.,  2.,  4.,  5., 10.,  9.,  4.],
        [ 3.,  1.,  0.,  2.,  2.,  4.,  5., 10.,  9.,  4.],
        [ 3.,  1.,  0.,  2.,  2.,  4.,  5., 10.,  9.,  4.],
        [ 3.,  1.,  0.,  2.,  2.,  4.,  5., 10.,  9.,  4.],
        [ 3.,  1.,  0.,  2.,  2.,  4.,  5., 10.,  9.,  4.]],

       [[ 2.,  5.,  6.,  3.,  2.,  1.,  1.,  0.,  1.,  3.],
        [ 2.,  5.,  6.,  3.,  2.,  1.,  1.,  0.,  1.,  3.],
        [ 2.,  5.,  6.,  3.,  2.,  1.,  1.,  0.,  1.,  3.],
        [ 2.,  5.,  6.,  3.,  2.,  1.,  1.,  0.,  1.,  3.],
        [ 2.,  5.,  6.,  3.,  2.,  1.,  1.,  0.,  1.,  3.],
        [ 2.,  5.,  6.,  3.,  2.,  1.,  1.,  0.,  1.,  3.],
        [ 2.,  5.,  6.,  3.,  2.,  1.,  1.,  0.,  1.,  3.],
        [ 2.,  5.,  6.,  3.,  2.,  1.,  1.,  0.,  1.,  3.],
        [ 2.,  5.,  6.,  3.,  2.,  1.,  1.,  0.,  1.,  3.],
        [ 2.,  5.,  6.,  3.,  2.,  1.,  1.,  0.,  1.,  3.]]])


Algo: Coordinated
N = 2

array([[[ 3.,  2.,  1.,  2.,  3.,  4.,  7., 14., 12.,  4.],
        [ 3.,  2.,  1.,  2.,  3.,  4.,  7., 14., 12.,  4.],
        [ 2.,  2.,  1.,  2.,  3.,  4.,  7., 14., 12.,  4.],
        [ 1.,  2.,  1.,  2.,  3.,  4.,  7., 16., 13.,  5.],
        [ 1.,  2.,  0.,  2.,  3.,  4.,  8., 16., 14.,  5.],
        [ 1.,  2.,  0.,  2.,  3.,  4.,  9., 16., 15.,  6.],
        [ 1.,  1.,  0.,  2.,  4.,  5.,  9., 16., 15.,  6.],
        [ 1.,  1.,  0.,  2.,  4.,  5.,  8., 16., 16.,  6.],
        [ 1.,  1.,  0.,  1.,  4.,  5.,  8., 17., 16.,  6.],
        [ 1.,  1.,  0.,  0.,  4.,  5.,  8., 17., 16.,  6.]],

       [[ 6., 14., 12.,  7.,  4.,  5.,  2.,  2.,  0.,  3.],
        [ 6., 14., 12.,  8.,  4.,  5.,  2.,  2.,  0.,  3.],
        [ 6., 14., 13.,  8.,  4.,  5.,  2.,  2.,  0.,  3.],
        [ 6., 12., 13.,  8.,  4.,  5.,  2.,  2.,  0.,  3.],
        [ 6., 12., 13.,  8.,  4.,  5.,  2.,  2.,  0.,  3.],
        [ 5., 11., 12.,  7.,  4.,  5.,  2.,  2.,  0.,  3.],
        [ 4., 10., 11.,  6.,  2.,  5.,  2.,  2.,  0.,  3.],
        [ 4., 10., 11.,  6.,  2.,  5.,  2.,  2.,  0.,  4.],
        [ 4., 10., 10.,  6.,  2.,  4.,  2.,  2.,  0.,  4.],
        [ 4., 10., 10.,  6.,  2.,  4.,  2.,  2.,  0.,  4.]],

       [[ 2.,  7., 14.,  4.,  4.,  0.,  2.,  2.,  0.,  4.],
        [ 2.,  6., 14.,  4.,  4.,  0.,  2.,  2.,  0.,  4.],
        [ 2.,  6., 14.,  4.,  4.,  0.,  2.,  2.,  0.,  4.],
        [ 2.,  6., 14.,  4.,  4.,  0.,  2.,  2.,  0.,  4.],
        [ 2.,  6., 14.,  4.,  4.,  0.,  2.,  2.,  0.,  4.],
        [ 2.,  6., 14.,  4.,  4.,  0.,  2.,  2.,  0.,  4.],
        [ 2.,  6., 14.,  4.,  4.,  0.,  2.,  2.,  0.,  4.],
        [ 2.,  6., 14.,  4.,  4.,  0.,  2.,  2.,  0.,  4.],
        [ 2.,  6., 14.,  4.,  4.,  0.,  2.,  2.,  0.,  4.],
        [ 2.,  6., 14.,  4.,  4.,  0.,  2.,  2.,  0.,  4.]],

       [[ 4.,  2.,  0.,  2.,  2.,  2., 12., 14.,  8.,  4.],
        [ 4.,  2.,  0.,  2.,  2.,  2., 12., 14.,  8.,  4.],
        [ 4.,  2.,  0.,  2.,  2.,  2., 12., 14.,  8.,  4.],
        [ 4.,  2.,  0.,  2.,  2.,  2., 12., 14.,  8.,  4.],
        [ 4.,  2.,  0.,  2.,  2.,  2., 12., 14.,  8.,  4.],
        [ 4.,  2.,  0.,  2.,  2.,  2., 12., 14.,  8.,  4.],
        [ 4.,  2.,  0.,  2.,  2.,  2., 12., 14.,  8.,  4.],
        [ 4.,  2.,  0.,  2.,  2.,  2., 12., 14.,  8.,  4.],
        [ 4.,  2.,  0.,  2.,  2.,  2., 12., 14.,  8.,  4.],
        [ 4.,  2.,  0.,  2.,  2.,  2., 12., 14.,  8.,  4.]]])

Algo: Coordinated
N = 5
array([[[14., 15., 16.,  9.,  4.,  8.,  9., 18., 23., 14.],
        [13., 14., 15.,  9.,  3.,  8., 11., 18., 22., 13.],
        [15., 12., 15.,  9.,  3.,  8., 11., 18., 22., 14.],
        [16., 12., 15.,  9.,  3.,  8., 11., 18., 22., 14.],
        [16., 12., 15.,  9.,  3.,  8., 11., 18., 22., 14.],
        [15., 12., 15.,  9.,  3.,  8., 11., 18., 22., 14.],
        [16., 12., 15.,  9.,  3.,  8., 11., 18., 22., 14.],
        [16., 12., 15.,  9.,  3.,  8., 11., 18., 22., 14.],
        [16., 12., 15.,  9.,  3.,  8., 11., 18., 22., 14.],
        [16., 12., 15.,  9.,  3.,  8., 11., 18., 22., 14.]],

       [[ 8., 23., 25., 11.,  7.,  7.,  9., 23., 19., 24.],
        [ 8., 23., 25., 11.,  7.,  7.,  9., 23., 19., 24.],
        [ 8., 23., 25., 11.,  7.,  7.,  9., 23., 19., 24.],
        [ 8., 23., 25., 11.,  7.,  7.,  9., 23., 19., 24.],
        [ 8., 23., 25., 11.,  7.,  7.,  9., 23., 19., 24.],
        [ 8., 23., 25., 11.,  7.,  7.,  9., 23., 19., 24.],
        [ 8., 23., 25., 11.,  7.,  7.,  9., 23., 19., 24.],
        [ 8., 23., 25., 11.,  7.,  7.,  9., 23., 19., 24.],
        [ 8., 23., 25., 11.,  7.,  7.,  9., 23., 19., 24.],
        [ 8., 23., 25., 11.,  7.,  7.,  9., 23., 19., 24.]],

       [[16., 15., 23., 15.,  4.,  5.,  7.,  6.,  3.,  8.],
        [16., 15., 23., 16.,  3.,  5.,  7.,  6.,  3.,  8.],
        [16., 15., 23., 16.,  3.,  5.,  7.,  6.,  3.,  8.],
        [16., 14., 23., 16.,  3.,  5.,  7.,  6.,  3.,  8.],
        [16., 14., 23., 16.,  3.,  5.,  7.,  6.,  3.,  8.],
        [15., 13., 23., 16.,  3.,  5.,  7.,  6.,  3.,  8.],
        [15., 12., 23., 16.,  3.,  5.,  7.,  6.,  3.,  8.],
        [15., 12., 22., 16.,  3.,  5.,  7.,  6.,  3.,  8.],
        [15., 12., 22., 16.,  3.,  5.,  7.,  6.,  3.,  8.],
        [15., 12., 22., 16.,  3.,  5.,  7.,  6.,  3.,  8.]],

       [[13., 12., 21.,  9.,  9., 12., 16., 24., 19., 24.],
        [13., 12., 22.,  9.,  9., 12., 16., 24., 19., 24.],
        [13., 12., 22.,  9.,  9., 12., 16., 24., 19., 24.],
        [13., 12., 23.,  9.,  9., 12., 16., 24., 19., 24.],
        [13., 12., 23.,  9.,  9., 12., 15., 23., 18., 23.],
        [13., 12., 23.,  9.,  9., 14., 16., 24., 19., 24.],
        [13., 12., 23., 10.,  9., 15., 16., 24., 19., 24.],
        [14., 12., 23., 10.,  8., 14., 16., 24., 19., 24.],
        [13., 12., 23., 10.,  8., 14., 16., 24., 19., 24.],
        [14., 12., 23., 10.,  8., 14., 16., 25., 19., 25.]]])


Algo: Coordinated
N = 10
array([[[16., 15., 16., 12., 10., 11., 10., 16., 20., 52.],
        [17., 15., 15., 12., 10., 12.,  9., 16., 20., 54.],
        [17., 12., 17., 10., 10., 11., 10., 16., 22., 58.],
        [20., 12., 16., 11., 10., 10.,  8., 16., 18., 62.],
        [20., 13., 15., 14.,  9., 11., 10., 17., 20., 60.],
        [23., 16., 16., 13.,  9., 11., 13., 18., 21., 58.],
        [21., 14., 16., 12.,  9., 10., 13., 17., 20., 61.],
        [23., 15., 15., 13., 10., 12., 13., 17., 17., 62.],
        [25., 14., 17., 13., 12., 13., 13., 18., 17., 59.],
        [23., 13., 16., 12., 13., 16., 14., 19., 17., 64.]],

       [[ 5., 11., 15., 16.,  9.,  9., 19., 42., 29., 21.],
        [ 6., 13., 16., 14.,  9.,  8., 14., 43., 30., 20.],
        [ 5., 12., 18., 14.,  8.,  7., 16., 47., 31., 21.],
        [ 6., 14., 19., 16.,  9.,  6., 18., 46., 30., 20.],
        [ 5., 16., 22., 18., 11.,  7., 16., 42., 28., 21.],
        [ 5., 18., 20., 19., 13., 11., 19., 42., 28., 26.],
        [ 7., 17., 20., 20., 11., 11., 15., 42., 23., 24.],
        [ 6., 18., 17., 18., 11.,  8., 14., 42., 21., 22.],
        [ 3., 15., 18., 16.,  8.,  8., 10., 42., 17., 20.],
        [ 2., 17., 17., 15.,  9.,  8., 13., 45., 20., 19.]],

       [[26., 22., 28.,  9.,  8.,  9., 10., 21., 13.,  4.],
        [27., 22., 25., 10.,  9.,  9., 12., 22., 12.,  3.],
        [27., 24., 22., 10., 10.,  9., 12., 25., 13.,  3.],
        [25., 24., 21., 10., 12., 11., 12., 23., 16.,  5.],
        [24., 23., 20., 11., 12., 11., 11., 21., 16.,  5.],
        [26., 23., 20., 11., 12., 11., 11., 24., 19.,  8.],
        [24., 25., 17., 12., 13., 11.,  9., 25., 23., 10.],
        [27., 26., 15., 11., 13., 10.,  9., 25., 24., 10.],
        [24., 25., 12.,  9., 16.,  9., 10., 26., 23.,  9.],
        [23., 26., 16.,  8., 15.,  9.,  7., 28., 24.,  9.]],

       [[61., 22., 44., 19., 19., 15., 13.,  9., 21., 22.],
        [61., 21., 43., 20., 21., 16., 13.,  7., 20., 21.],
        [59., 24., 47., 21., 23., 17., 16.,  9., 22., 19.],
        [57., 20., 44., 22., 22., 18., 18.,  8., 21., 22.],
        [61., 21., 45., 23., 23., 15., 23.,  9., 21., 20.],
        [60., 21., 39., 25., 24., 16., 21.,  8., 20., 18.],
        [59., 19., 40., 26., 22., 17., 22.,  8., 18., 13.],
        [56., 18., 39., 25., 21., 17., 21., 10., 19., 12.],
        [62., 19., 38., 22., 20., 17., 22., 12., 19., 12.],
        [61., 21., 43., 24., 16., 17., 21., 12., 20., 12.]]])
  


Algo: Coordinated
N = 15
array([[[14.,  3.,  5.,  5.,  2.,  2.,  1.,  1.,  2., 22.],
        [17.,  3.,  1.,  5.,  2.,  0.,  1.,  0.,  2., 18.],
        [20.,  3.,  1.,  5.,  0.,  1.,  0.,  0.,  2., 22.],
        [21.,  3.,  0.,  5.,  1.,  0.,  0.,  0.,  2., 21.],
        [22.,  3.,  0.,  5.,  0.,  0.,  1.,  0.,  2., 18.],
        [25.,  3.,  0.,  6.,  1.,  0.,  1.,  0.,  2., 17.],
        [24.,  3.,  0.,  7.,  1.,  0.,  0.,  0.,  1., 19.],
        [28.,  5.,  0.,  7.,  0.,  0.,  0.,  1.,  1., 23.],
        [30.,  4.,  0.,  9.,  0.,  0.,  0.,  3.,  0., 23.],
        [32.,  6.,  0.,  8.,  0.,  0.,  0.,  2.,  0., 23.]],

       [[ 4., 17., 19., 14., 10., 11.,  9., 28., 24., 25.],
        [ 3., 16., 23., 12., 12., 12., 11., 27., 20., 25.],
        [ 3., 17., 20., 13., 13., 13.,  8., 27., 22., 32.],
        [ 3., 19., 19., 13., 15., 11.,  9., 30., 20., 31.],
        [ 5., 18., 20., 10., 13., 12.,  5., 25., 22., 31.],
        [ 4., 22., 24., 12., 12., 15.,  9., 24., 22., 32.],
        [ 4., 25., 24., 13., 13., 15., 10., 20., 24., 27.],
        [ 4., 23., 24., 12., 17., 12., 10., 20., 24., 26.],
        [ 6., 19., 23., 14., 17., 11., 11., 24., 25., 29.],
        [ 8., 18., 22., 15., 14.,  8., 13., 21., 31., 30.]],

       [[17., 19., 22., 15., 16.,  2.,  6.,  9.,  3.,  8.],
        [14., 18., 21., 13., 16.,  1.,  6.,  9.,  4., 15.],
        [17., 14., 17., 11., 16.,  1.,  7.,  6.,  6., 13.],
        [17., 14., 18.,  7., 13.,  2.,  7.,  5.,  7., 11.],
        [16., 13., 19.,  9., 14.,  3.,  7., 10.,  7.,  8.],
        [18., 12., 13., 10., 14.,  2., 10.,  9.,  4.,  9.],
        [17., 14., 17.,  9., 12.,  2.,  7.,  6.,  7., 11.],
        [17., 17., 14., 12., 10.,  2.,  6.,  5.,  6., 13.],
        [18., 17., 21., 12., 12.,  1.,  4.,  3.,  8., 10.],
        [19., 16., 23., 15., 13.,  1.,  3.,  4.,  6., 10.]],

       [[23., 14., 14., 21., 11., 20., 20., 19., 19., 24.],
        [22., 11., 13., 17., 11., 22., 15., 18., 16., 20.],
        [25., 13., 18., 16., 11., 20., 12., 20., 18., 21.],
        [26., 15., 17., 15., 13., 25., 15., 21., 16., 17.],
        [27., 11., 12., 16., 12., 23., 10., 20., 14., 16.],
        [20.,  8., 13., 12., 15., 23.,  9., 27., 18., 19.],
        [24.,  9., 12., 12., 18., 25., 12., 33., 19., 16.],
        [24.,  8., 12., 13., 11., 24., 10., 33., 17., 21.],
        [22.,  4.,  8., 11., 11., 22.,  7., 31., 10., 22.],
        [20.,  6.,  7., 12., 16., 27.,  6., 29., 14., 20.]]])


Algo: Coordinated
N = 20
array([[[10.,  2.,  1.,  0.,  1.,  4.,  0.,  3.,  3., 14.],
        [ 9.,  2.,  0.,  0.,  1.,  2.,  0.,  6.,  0., 10.],
        [10.,  0.,  0.,  0.,  1.,  2.,  0.,  6.,  0., 10.],
        [11.,  0.,  1.,  0.,  1.,  3.,  0.,  4.,  1.,  9.],
        [12.,  0.,  0.,  0.,  1.,  2.,  0.,  2.,  0.,  8.],
        [17.,  0.,  1.,  0.,  1.,  2.,  1.,  1.,  0., 12.],
        [19.,  0.,  0.,  0.,  0.,  3.,  0.,  2.,  0., 16.],
        [19.,  0.,  0.,  0.,  0.,  2.,  1.,  3.,  1., 18.],
        [17.,  0.,  0.,  0.,  0.,  3.,  1.,  3.,  1., 15.],
        [20.,  0.,  1.,  0.,  0.,  2.,  0.,  1.,  0., 13.]],

       [[33., 13., 31.,  9., 21., 19., 17., 20., 16., 20.],
        [32., 12., 24.,  6., 14., 13.,  9., 19., 16., 20.],
        [25.,  8., 21.,  5., 15., 14.,  8., 18., 16., 21.],
        [33.,  9., 20., 11., 16., 14., 13., 17., 16., 19.],
        [33., 12., 21.,  8., 12., 15., 17., 18., 16., 16.],
        [38., 12., 18.,  2., 11., 15., 13., 14., 15., 19.],
        [44., 11., 20.,  7., 11., 17., 17., 16., 17., 16.],
        [39., 16., 22.,  7., 14., 19., 18., 16., 19., 20.],
        [39., 16., 25.,  4., 13., 19., 13., 13., 24., 26.],
        [34., 15., 27.,  4., 11., 14., 14., 13., 25., 25.]],

       [[ 8., 20.,  5.,  9.,  3.,  2.,  8.,  8., 13., 31.],
        [11., 20.,  8.,  9.,  4.,  2.,  8.,  8., 13., 32.],
        [ 7., 15.,  5.,  8.,  3.,  3.,  8.,  6., 16., 33.],
        [10., 18.,  4.,  7.,  1.,  5.,  7.,  6., 15., 30.],
        [ 9., 15.,  8.,  5.,  1.,  6.,  6.,  8., 16., 27.],
        [11., 24.,  6.,  6.,  2.,  7.,  5.,  9., 13., 33.],
        [13., 20.,  5.,  6.,  2.,  5.,  4.,  4., 17., 30.],
        [11., 17.,  3.,  6.,  3.,  7.,  4.,  3., 18., 26.],
        [12., 13.,  4.,  6.,  3.,  4.,  3.,  3., 19., 27.],
        [17., 10.,  2.,  6.,  1.,  3.,  4.,  2., 21., 27.]],

       [[15.,  4.,  6., 15.,  8., 18., 14., 11., 14., 13.],
        [19.,  8.,  6., 12.,  5., 13., 10., 11., 15., 16.],
        [18.,  8.,  7.,  9.,  8., 17., 16.,  9., 13., 18.],
        [19.,  6., 11.,  9.,  8., 20., 18.,  7., 12., 16.],
        [18.,  6., 11., 11., 10., 18., 20.,  8.,  9., 15.],
        [17.,  5.,  8., 14., 11., 15., 14.,  6., 12., 21.],
        [18.,  7., 10., 16., 14., 18., 11., 10., 14., 24.],
        [18.,  6.,  7., 10.,  9., 18., 17., 15., 11., 23.],
        [16.,  5.,  6.,  8.,  5., 18., 20., 17., 10., 23.],
        [16.,  6.,  8.,  4.,  7., 21., 22., 15., 10., 21.]]])

Algo: Coordinated
N = 30
array([[[ 6.,  2.,  1.,  1.,  7.,  3.,  2.,  2.,  3., 10.],
        [ 6.,  2.,  2.,  1.,  5.,  4.,  1.,  0.,  7.,  4.],
        [ 7.,  4.,  0.,  1.,  1.,  2.,  2.,  1.,  4.,  4.],
        [ 7.,  5.,  0.,  1.,  5.,  2.,  3.,  1.,  4.,  8.],
        [ 8.,  6.,  0.,  0.,  3.,  3.,  3.,  0.,  3.,  6.],
        [ 5.,  7.,  0.,  0.,  4.,  3.,  1.,  0.,  4.,  3.],
        [ 6.,  6.,  0.,  2.,  3.,  3.,  1.,  3.,  3.,  6.],
        [ 3.,  6.,  0.,  2.,  2.,  2.,  0.,  0.,  5.,  3.],
        [ 4.,  6.,  0.,  2.,  5.,  0.,  0.,  0.,  3.,  1.],
        [ 6.,  5.,  0.,  1.,  6.,  3.,  0.,  2.,  4.,  5.]],

       [[18., 18.,  6., 16., 24., 16., 13., 25., 14., 30.],
        [13., 13.,  5., 17., 27., 16., 13., 33., 10., 26.],
        [13., 16.,  8., 20., 29., 15., 13., 32., 10., 21.],
        [ 3., 15.,  2., 17., 27., 15., 17., 33., 19., 19.],
        [ 6., 18.,  2., 16., 22., 21., 21., 41., 25., 20.],
        [14., 23.,  7., 21., 24., 29., 26., 42., 27., 26.],
        [15., 21.,  5., 13., 21., 20., 28., 33., 21., 31.],
        [13., 15.,  6., 10., 17., 20., 27., 31., 17., 31.],
        [16., 19.,  6., 16., 21., 15., 23., 28., 20., 35.],
        [15., 18.,  3., 13., 24., 24., 26., 34., 24., 28.]],

       [[ 2.,  6.,  0.,  0.,  2.,  2.,  7.,  3., 16., 15.],
        [ 3.,  7.,  0.,  2.,  4.,  2., 10.,  6., 20., 18.],
        [ 4.,  5.,  0.,  0.,  3.,  1., 11.,  6., 18., 19.],
        [ 7.,  5.,  0.,  1.,  7.,  0.,  6.,  8., 19., 19.],
        [ 7.,  3.,  0.,  0.,  3.,  3.,  5.,  8., 16., 21.],
        [ 7.,  3.,  0.,  1.,  2.,  5.,  8.,  7., 17., 16.],
        [ 5.,  4.,  0.,  1.,  6.,  2.,  7.,  6., 18., 15.],
        [ 5.,  3.,  0.,  1.,  4.,  0.,  6.,  9., 20., 15.],
        [ 4.,  2.,  0.,  2.,  3.,  1.,  8.,  8., 20., 14.],
        [ 5.,  5.,  0.,  2.,  7.,  0.,  4., 11., 18.,  9.]],

       [[ 6.,  1.,  2.,  4.,  6., 13.,  8.,  4.,  8., 19.],
        [ 5.,  0.,  0.,  3.,  6., 12., 12.,  2.,  6., 19.],
        [ 6.,  0.,  0.,  6.,  6., 13., 12.,  1.,  7., 14.],
        [ 7.,  2.,  1.,  3.,  5., 10., 12.,  2., 10., 23.],
        [16.,  9.,  2.,  2.,  4., 10., 10.,  3.,  5., 28.],
        [ 7.,  4.,  1.,  2.,  3.,  8.,  9.,  4.,  5., 22.],
        [ 6.,  3.,  0.,  1.,  6.,  5.,  5.,  6.,  6., 31.],
        [ 5.,  1.,  1.,  0.,  7.,  8.,  9.,  5.,  6., 31.],
        [12.,  7.,  2.,  3.,  4.,  6.,  9., 11.,  6., 29.],
        [ 2.,  1.,  2.,  3.,  6.,  5.,  8.,  9.,  6., 35.]]])

array([[[ 8.,  3.,  3.,  7.,  8.,  7.,  3.,  6.,  2., 11.],
        [ 7.,  4.,  4.,  5.,  8.,  8.,  2.,  8.,  5., 12.],
        [ 6.,  6.,  7.,  3.,  8.,  9.,  4.,  9.,  4.,  8.],
        [ 7.,  6., 10.,  2.,  5.,  6.,  2., 10.,  5.,  8.],
        [ 5.,  9.,  9.,  2.,  7.,  7.,  2.,  8.,  2.,  5.],
        [ 8.,  9.,  7.,  2.,  6.,  7.,  2.,  7.,  3.,  3.],
        [ 3.,  8.,  7.,  5.,  5.,  5.,  3.,  7.,  0.,  8.],
        [ 8., 10.,  5.,  1.,  6.,  7.,  2.,  6.,  4.,  5.],
        [ 7., 11.,  8.,  1.,  7.,  8.,  2.,  6.,  6.,  8.],
        [ 6.,  9.,  7.,  2.,  7.,  9.,  0.,  4.,  4.,  3.]],

       [[27., 23., 31., 23., 13., 28., 20., 18., 26., 23.],
        [26., 24., 25., 20., 12., 24., 19., 20., 20., 19.],
        [23., 20., 26., 19.,  8., 27., 13., 20., 12., 16.],
        [25., 16., 27., 20., 13., 22., 13., 16., 11., 12.],
        [20., 19., 27., 21., 17., 28., 12., 11., 11., 25.],
        [17., 19., 30., 29., 10., 22., 12.,  9., 12., 25.],
        [18., 16., 21., 19.,  6., 21., 11., 10., 11., 15.],
        [13., 19., 27., 16., 10., 25., 16., 12., 12., 26.],
        [12., 15., 27., 12.,  9., 22., 18., 16.,  9., 11.],
        [16., 14., 25., 15.,  8., 19., 17., 18., 17., 17.]],

       [[ 5.,  2.,  1.,  6.,  2.,  7.,  3.,  5.,  8., 25.],
        [ 7.,  0.,  3.,  7.,  4.,  6.,  4.,  5.,  7., 21.],
        [ 3.,  1.,  4.,  6.,  6.,  8.,  3.,  7.,  5., 24.],
        [ 4.,  1.,  0.,  6.,  4.,  8.,  2.,  8.,  7., 26.],
        [ 4.,  2.,  2.,  7.,  5.,  7.,  3.,  6.,  4., 21.],
        [ 6.,  0.,  3.,  6.,  4.,  9.,  4.,  6.,  7., 22.],
        [ 7.,  0.,  2.,  7.,  4.,  8.,  4.,  5.,  8., 20.],
        [ 4.,  0.,  2.,  6.,  4.,  6.,  0.,  8.,  8., 24.],
        [ 4.,  2.,  2.,  6.,  4.,  7.,  2.,  7.,  6., 24.],
        [ 6.,  2.,  5.,  8.,  7.,  8.,  2.,  9.,  7., 21.]],

       [[ 5.,  4.,  3.,  5.,  4., 14., 26., 29., 30., 19.],
        [ 9.,  5.,  4.,  8.,  8., 13., 26., 28., 29., 19.],
        [ 6.,  5.,  2., 10.,  6., 14., 26., 26., 28., 22.],
        [ 5.,  3.,  1.,  7.,  6., 17., 27., 33., 28., 23.],
        [ 3.,  2.,  3.,  5.,  4., 15., 26., 31., 30., 20.],
        [ 5.,  2.,  5.,  8., 13., 25., 26., 28., 26., 18.],
        [ 7.,  3.,  5.,  8.,  5., 16., 21., 28., 30., 20.],
        [ 7.,  4.,  7., 10.,  8., 18., 24., 32., 37., 23.],
        [ 7.,  6.,  4., 13.,  8., 20., 18., 36., 29., 23.],
        [ 7.,  8.,  5., 16.,  8., 20., 24., 38., 33., 21.]]])

Algo: Coordinated
N = 40

array([[[ 4.,  3.,  5.,  9.,  5.,  8.,  1.,  2.,  7.,  7.],
        [ 0.,  0.,  5.,  7.,  5.,  8.,  0.,  1.,  8.,  6.],
        [ 3.,  3.,  5.,  9.,  6.,  8.,  2.,  2.,  9.,  3.],
        [ 1.,  0.,  6., 10., 10.,  4.,  0.,  4.,  7.,  5.],
        [ 2.,  2., 11.,  6.,  6.,  1.,  1.,  4., 12.,  7.],
        [ 0.,  2.,  6.,  8.,  2.,  5.,  0.,  2.,  3.,  8.],
        [ 0.,  0.,  4.,  7.,  6.,  2.,  1.,  2.,  5.,  4.],
        [ 0.,  3.,  8.,  5.,  6.,  1.,  0.,  0.,  5.,  8.],
        [ 0.,  1.,  6.,  7.,  7.,  4.,  1.,  0.,  7., 10.],
        [ 0.,  0.,  8.,  5., 11.,  5.,  0.,  3., 10.,  8.]],

       [[ 3.,  3.,  4., 15., 41., 20., 17., 16., 14., 16.],
        [ 5.,  6.,  4., 12., 39., 25., 14., 18., 10., 15.],
        [ 9.,  1.,  4.,  8., 35., 24., 15., 20.,  8., 14.],
        [ 8.,  4.,  8., 10., 30., 28., 20., 21., 13., 18.],
        [ 2.,  3.,  9.,  8., 25., 21.,  9., 16., 12., 13.],
        [ 2.,  3.,  5., 14., 32., 25., 16., 22., 13., 11.],
        [ 4.,  7.,  9., 11., 42., 30., 19., 15.,  9.,  8.],
        [ 6.,  3.,  6., 14., 46., 22., 15., 14., 10., 12.],
        [ 9.,  4.,  7., 15., 46., 15., 18., 18., 18., 14.],
        [ 9.,  5., 10., 15., 37., 19., 26., 18., 15., 15.]],

       [[ 1.,  6.,  8., 11.,  9.,  8.,  6., 11., 12.,  2.],
        [ 1.,  5.,  9., 10., 10.,  8.,  8., 11.,  9.,  2.],
        [ 0.,  3.,  4.,  7., 10.,  8.,  4., 10., 10.,  5.],
        [ 2.,  1.,  3., 13., 18.,  7.,  6.,  4., 13.,  5.],
        [ 0.,  3.,  4., 14., 11.,  4.,  7.,  4.,  8.,  1.],
        [ 1.,  1.,  4., 13., 10.,  5.,  5.,  7.,  7.,  3.],
        [ 1.,  5.,  9., 15., 12.,  6.,  8.,  9.,  7.,  5.],
        [ 4.,  6.,  7., 19., 14., 10.,  7., 12., 11., 10.],
        [ 0.,  8.,  4., 12.,  7.,  7.,  9., 16., 16.,  9.],
        [ 0.,  2.,  6.,  9.,  4.,  8.,  7., 12.,  8.,  3.]],

       [[ 7.,  3.,  6.,  7., 10.,  5., 15.,  8., 13., 17.],
        [ 6.,  4.,  8.,  7.,  8.,  8., 11., 10.,  9., 22.],
        [12.,  3.,  4.,  4., 11., 11., 14., 15.,  9., 17.],
        [15.,  6.,  4.,  3.,  7., 10., 12., 17.,  5., 10.],
        [17.,  4.,  3.,  5., 10.,  5., 10., 18.,  7., 14.],
        [13., 11.,  0., 11., 10.,  4., 10., 10.,  6., 18.],
        [12.,  5.,  4., 11.,  9.,  8., 10., 14.,  9., 19.],
        [ 7.,  2.,  4., 13., 11.,  6.,  3., 12.,  6., 17.],
        [11.,  4.,  5.,  9., 12.,  8.,  2., 14., 13., 12.],
        [ 8.,  3.,  2.,  5., 10., 11.,  5., 13., 12., 14.]]])

Algo: Topological
N = 1
array([[[3., 0., 0., 3., 3., 2., 4., 1., 2., 0.],
        [3., 0., 0., 3., 3., 2., 4., 1., 2., 0.],
        [3., 0., 0., 3., 3., 2., 4., 1., 2., 0.],
        [3., 0., 0., 3., 3., 2., 4., 1., 2., 0.],
        [3., 0., 0., 3., 3., 2., 4., 1., 2., 0.],
        [3., 0., 0., 3., 3., 2., 4., 1., 2., 0.],
        [3., 0., 0., 3., 3., 2., 4., 1., 2., 0.],
        [3., 0., 0., 3., 3., 2., 4., 1., 2., 0.],
        [3., 0., 0., 3., 3., 2., 4., 1., 2., 0.],
        [3., 0., 0., 3., 3., 2., 4., 1., 2., 0.]],

       [[2., 0., 1., 4., 2., 1., 1., 7., 0., 0.],
        [2., 0., 1., 4., 2., 1., 1., 7., 0., 0.],
        [2., 0., 1., 4., 2., 1., 1., 7., 0., 0.],
        [2., 0., 1., 4., 2., 1., 1., 7., 0., 0.],
        [2., 0., 1., 4., 2., 1., 1., 7., 0., 0.],
        [2., 0., 1., 4., 2., 1., 1., 7., 0., 0.],
        [2., 0., 1., 4., 2., 1., 1., 7., 0., 0.],
        [2., 0., 1., 4., 2., 1., 1., 7., 0., 0.],
        [2., 0., 1., 4., 2., 1., 1., 7., 0., 0.],
        [2., 0., 1., 4., 2., 1., 1., 7., 0., 0.]],

       [[3., 1., 0., 2., 3., 1., 2., 2., 1., 2.],
        [3., 1., 0., 2., 3., 1., 2., 2., 1., 2.],
        [3., 1., 0., 2., 3., 1., 2., 2., 1., 2.],
        [3., 1., 0., 2., 3., 1., 2., 2., 1., 2.],
        [3., 1., 0., 2., 3., 1., 2., 2., 1., 2.],
        [3., 1., 0., 2., 3., 1., 2., 2., 1., 2.],
        [3., 1., 0., 2., 3., 1., 2., 2., 1., 2.],
        [3., 1., 0., 2., 3., 1., 2., 2., 1., 2.],
        [3., 1., 0., 2., 3., 1., 2., 2., 1., 2.],
        [3., 1., 0., 2., 3., 1., 2., 2., 1., 2.]],

       [[0., 0., 4., 1., 1., 0., 1., 2., 2., 0.],
        [0., 0., 4., 1., 1., 0., 1., 2., 2., 0.],
        [0., 0., 4., 1., 1., 0., 1., 2., 2., 0.],
        [0., 0., 4., 1., 1., 0., 1., 2., 2., 0.],
        [0., 0., 4., 1., 1., 0., 1., 2., 2., 0.],
        [0., 0., 4., 1., 1., 0., 1., 2., 2., 0.],
        [0., 0., 4., 1., 1., 0., 1., 2., 2., 0.],
        [0., 0., 4., 1., 1., 0., 1., 2., 2., 0.],
        [0., 0., 4., 1., 1., 0., 1., 2., 2., 0.],
        [0., 0., 4., 1., 1., 0., 1., 2., 2., 0.]]])

Algo: Topological
N = 2

array([[[ 3.,  0.,  4.,  3.,  3., 11.,  4.,  2.,  7.,  2.],
        [ 4.,  0.,  4.,  3.,  3., 14.,  4.,  2.,  7.,  2.],
        [ 4.,  0.,  4.,  3.,  3., 14.,  4.,  2.,  8.,  2.],
        [ 4.,  0.,  4.,  3.,  3., 14.,  4.,  2.,  8.,  3.],
        [ 4.,  0.,  4.,  2.,  3., 14.,  3.,  3.,  8.,  3.],
        [ 4.,  0.,  4.,  2.,  3., 14.,  4.,  4.,  8.,  3.],
        [ 4.,  0.,  4.,  2.,  3., 14.,  4.,  4.,  8.,  3.],
        [ 4.,  0.,  4.,  3.,  3., 13.,  4.,  4.,  8.,  4.],
        [ 5.,  0.,  5.,  3.,  3., 13.,  4.,  4.,  7.,  4.],
        [ 5.,  0.,  6.,  3.,  3., 11.,  4.,  4.,  8.,  4.]],

       [[ 0.,  6.,  2.,  1.,  1.,  0.,  0.,  0.,  3.,  0.],
        [ 0.,  6.,  2.,  1.,  1.,  0.,  0.,  0.,  3.,  0.],
        [ 0.,  6.,  2.,  1.,  1.,  0.,  0.,  0.,  3.,  0.],
        [ 0.,  6.,  2.,  1.,  1.,  0.,  0.,  0.,  3.,  0.],
        [ 0.,  6.,  2.,  1.,  1.,  0.,  0.,  0.,  3.,  0.],
        [ 0.,  6.,  2.,  1.,  1.,  0.,  0.,  0.,  3.,  0.],
        [ 0.,  5.,  2.,  1.,  2.,  0.,  0.,  0.,  3.,  0.],
        [ 0.,  5.,  2.,  1.,  2.,  0.,  0.,  0.,  3.,  0.],
        [ 0.,  6.,  2.,  1.,  2.,  0.,  0.,  0.,  3.,  0.],
        [ 0.,  6.,  2.,  2.,  2.,  0.,  0.,  0.,  3.,  0.]],

       [[ 4.,  6.,  2.,  2.,  0.,  5.,  0.,  1., 16.,  0.],
        [ 4.,  6.,  2.,  2.,  0.,  4.,  0.,  2., 16.,  0.],
        [ 4.,  6.,  2.,  2.,  0.,  4.,  0.,  2., 16.,  0.],
        [ 4.,  6.,  2.,  2.,  0.,  4.,  0.,  2., 16.,  0.],
        [ 4.,  6.,  2.,  2.,  0.,  4.,  0.,  2., 16.,  0.],
        [ 4.,  6.,  2.,  2.,  0.,  4.,  0.,  2., 16.,  0.],
        [ 4.,  6.,  2.,  2.,  0.,  4.,  0.,  2., 16.,  0.],
        [ 4.,  6.,  2.,  2.,  0.,  4.,  0.,  2., 16.,  0.],
        [ 4.,  6.,  2.,  2.,  0.,  4.,  0.,  2., 16.,  0.],
        [ 4.,  6.,  2.,  2.,  0.,  4.,  0.,  2., 16.,  0.]],

       [[ 4.,  4.,  2.,  4.,  8.,  0.,  4.,  2.,  0.,  0.],
        [ 4.,  4.,  2.,  4.,  8.,  0.,  4.,  2.,  0.,  0.],
        [ 4.,  4.,  2.,  4.,  8.,  0.,  4.,  2.,  0.,  0.],
        [ 4.,  4.,  2.,  4.,  8.,  0.,  4.,  2.,  0.,  0.],
        [ 4.,  4.,  2.,  4.,  8.,  0.,  4.,  2.,  0.,  0.],
        [ 4.,  4.,  2.,  4.,  8.,  0.,  4.,  2.,  0.,  0.],
        [ 4.,  4.,  2.,  4.,  8.,  0.,  4.,  2.,  0.,  0.],
        [ 4.,  4.,  2.,  4.,  8.,  0.,  4.,  2.,  0.,  0.],
        [ 4.,  4.,  2.,  4.,  8.,  0.,  4.,  2.,  0.,  0.],
        [ 4.,  4.,  2.,  4.,  8.,  0.,  4.,  2.,  0.,  0.]]])

Algo: Topological
N = 5

array([[[ 8.,  5., 11., 12.,  8.,  8.,  9.,  8.,  6.,  2.],
        [13.,  6., 12., 13.,  8.,  8.,  8.,  8.,  6.,  1.],
        [13.,  6., 12., 13.,  8.,  8.,  8.,  8.,  6.,  1.],
        [13.,  6., 13., 14.,  8.,  8.,  8.,  8.,  6.,  1.],
        [13.,  6., 13., 14.,  8.,  8.,  8.,  8.,  6.,  1.],
        [13.,  6., 13., 14.,  8.,  8.,  8.,  8.,  6.,  1.],
        [13.,  6., 13., 14.,  8.,  8.,  8.,  8.,  6.,  1.],
        [13.,  6., 14., 14.,  8.,  8.,  8.,  8.,  6.,  1.],
        [13.,  6., 14., 14.,  8.,  8.,  8.,  8.,  6.,  1.],
        [13.,  6., 14., 14.,  8.,  8.,  8.,  8.,  6.,  1.]],

       [[ 8.,  4.,  6.,  4., 11.,  6., 11., 13.,  7.,  6.],
        [ 8.,  4.,  6.,  4., 11.,  6., 11., 13.,  7.,  6.],
        [ 8.,  4.,  6.,  4., 11.,  6., 11., 13.,  7.,  6.],
        [ 8.,  4.,  6.,  4., 11.,  6., 11., 13.,  7.,  6.],
        [ 8.,  4.,  6.,  4., 11.,  6., 11., 13.,  7.,  6.],
        [ 8.,  4.,  6.,  4., 11.,  6., 11., 13.,  7.,  6.],
        [ 8.,  4.,  6.,  4., 11.,  6., 11., 13.,  6.,  6.],
        [ 8.,  4.,  6.,  4., 11.,  6., 11., 13.,  6.,  6.],
        [ 8.,  4.,  6.,  4., 11.,  6., 11., 13.,  6.,  6.],
        [ 8.,  4.,  6.,  4., 12.,  6., 11., 13.,  6.,  6.]],

       [[13.,  6.,  5.,  6., 17.,  4., 11., 10.,  3.,  8.],
        [13.,  6.,  5.,  6., 17.,  4., 11., 10.,  3.,  8.],
        [13.,  6.,  5.,  6., 17.,  4., 10., 10.,  3.,  8.],
        [13.,  6.,  5.,  7., 17.,  4., 10., 10.,  3.,  8.],
        [13.,  6.,  5.,  7., 17.,  4., 10., 10.,  3.,  8.],
        [14.,  6.,  5.,  7., 17.,  4.,  9., 10.,  3.,  8.],
        [14.,  6.,  5.,  7., 18.,  4.,  8., 10.,  3.,  7.],
        [14.,  5.,  6.,  7., 18.,  4.,  8., 10.,  3.,  7.],
        [12.,  5.,  5.,  7., 18.,  4.,  8., 10.,  4.,  6.],
        [12.,  5.,  5.,  7., 18.,  4.,  8., 10.,  4.,  6.]],

       [[ 1.,  6.,  4.,  7.,  4., 17., 17., 13., 13.,  5.],
        [ 1.,  6.,  4.,  7.,  4., 17., 17., 13., 13.,  5.],
        [ 1.,  6.,  4.,  7.,  4., 17., 17., 13., 13.,  5.],
        [ 1.,  6.,  4.,  7.,  4., 17., 17., 13., 13.,  5.],
        [ 1.,  6.,  4.,  7.,  4., 17., 17., 13., 13.,  5.],
        [ 1.,  6.,  4.,  7.,  4., 17., 18., 13., 13.,  5.],
        [ 1.,  6.,  4.,  7.,  4., 18., 18., 13., 13.,  5.],
        [ 1.,  6.,  4.,  7.,  4., 18., 18., 13., 13.,  5.],
        [ 1.,  6.,  4.,  7.,  4., 18., 18., 13., 13.,  5.],
        [ 1.,  6.,  4.,  7.,  4., 18., 18., 13., 13.,  5.]]])

Algo: Topological
N = 10

array([[[ 6.,  8.,  5., 11.,  7.,  7.,  6.,  8.,  9.,  4.],
        [ 4., 10.,  3., 11.,  8.,  8.,  7.,  8.,  8.,  6.],
        [ 4.,  9.,  2.,  9.,  7.,  9.,  5.,  8.,  9.,  6.],
        [ 3., 11.,  2.,  8.,  5.,  8.,  4., 10.,  9.,  6.],
        [ 4., 11.,  3., 10.,  4.,  5.,  2.,  8.,  8.,  6.],
        [ 2., 13.,  2.,  8.,  6.,  7.,  1.,  8.,  9.,  7.],
        [ 4., 13.,  4., 10.,  7.,  8.,  2., 10.,  9.,  8.],
        [ 5., 12.,  2.,  9.,  6.,  6.,  4., 11.,  9., 10.],
        [ 3., 14.,  2.,  9.,  6.,  8.,  2., 11.,  8., 10.],
        [ 5., 15.,  0.,  9.,  6.,  8.,  4., 11., 10.,  9.]],

       [[ 5.,  0.,  9., 11., 14., 14.,  6.,  6.,  2.,  4.],
        [ 5.,  0.,  6., 11., 13., 13.,  8.,  7.,  5.,  7.],
        [ 5.,  0., 10., 13., 11., 14.,  6.,  8.,  6.,  7.],
        [ 5.,  0.,  7., 12.,  9., 16.,  7.,  8.,  7.,  8.],
        [ 5.,  2.,  7., 13., 12., 14.,  9.,  8.,  7.,  9.],
        [ 5.,  2.,  5., 17., 10., 12.,  7.,  6.,  4.,  4.],
        [ 4.,  3.,  7., 19., 11., 19.,  7.,  6.,  3.,  3.],
        [ 4.,  4.,  7., 18., 11., 15.,  7.,  5.,  3.,  3.],
        [ 4.,  4.,  9., 14.,  9., 14.,  9.,  6.,  3.,  3.],
        [ 4.,  5.,  7., 12., 12., 13., 10.,  5.,  6.,  3.]],

       [[ 6., 14., 11., 13.,  5.,  9., 12.,  6.,  4.,  4.],
        [ 7., 14., 10., 11.,  3.,  9., 15.,  9.,  3.,  4.],
        [ 5., 16., 10., 11.,  4.,  7., 15.,  9.,  4.,  6.],
        [ 5., 17., 12., 13.,  6., 10., 18.,  8.,  4.,  6.],
        [ 2., 15., 11., 13.,  4., 10., 19.,  8.,  6.,  5.],
        [ 3., 16.,  9., 14.,  5.,  8., 15.,  6.,  6.,  5.],
        [ 2., 15., 10., 16.,  2.,  8., 20.,  6.,  6.,  6.],
        [ 1., 13., 10., 14.,  3.,  8., 20.,  5.,  5.,  5.],
        [ 1., 12.,  8., 14.,  3., 10., 17.,  4.,  6.,  6.],
        [ 1., 10.,  8., 14.,  1.,  9., 16.,  4.,  7.,  6.]],

       [[10., 15., 10.,  5., 28.,  6., 23., 12.,  3.,  2.],
        [11., 19., 11.,  6., 23.,  4., 20., 12.,  3.,  2.],
        [13., 18., 11.,  6., 25.,  7., 20., 10.,  3.,  0.],
        [14., 15., 10.,  8., 24.,  6., 22., 11.,  3.,  3.],
        [13., 12.,  8.,  9., 25.,  9., 22., 11.,  3.,  5.],
        [13., 14.,  8.,  9., 25., 13., 21., 12.,  3.,  3.],
        [12., 14.,  9., 13., 22., 13., 21., 10.,  4.,  5.],
        [ 9.,  9.,  9., 15., 21., 13., 21., 11.,  6.,  4.],
        [ 9., 11.,  9., 12., 16., 14., 26.,  9.,  5.,  1.],
        [ 8., 11., 11., 10., 16., 14., 22.,  9.,  4.,  2.]]])

Algo: Topological
N = 15
array([[[ 7., 29.,  7.,  7., 10., 15., 13.,  8.,  7.,  1.],
        [12., 27.,  7.,  4.,  8., 14., 13., 11.,  8.,  3.],
        [16., 25.,  8.,  5.,  7., 13.,  9.,  8.,  7.,  2.],
        [16., 26.,  8.,  7., 11., 12.,  9.,  7.,  5.,  2.],
        [18., 23.,  5.,  5., 11., 15., 12.,  6.,  6.,  3.],
        [21., 18.,  7.,  3., 11., 12., 10.,  6.,  6.,  2.],
        [21., 20.,  9.,  4., 11., 14.,  9.,  2.,  6.,  1.],
        [23., 31.,  7.,  0.,  6., 13.,  9.,  5.,  7.,  1.],
        [24., 36.,  7.,  1.,  9., 14.,  7.,  8.,  6.,  1.],
        [26., 35.,  6.,  1.,  7., 10.,  9.,  9.,  5.,  0.]],

       [[ 1., 14., 12., 11.,  9., 15., 11.,  5.,  5., 11.],
        [ 3., 10.,  9., 11., 12., 16., 13.,  3.,  6., 11.],
        [ 4.,  8., 12., 10., 13., 12.,  7.,  4., 10., 11.],
        [ 3., 10., 12., 10., 12., 10.,  6.,  4.,  9., 10.],
        [ 1.,  8., 14.,  8., 11., 11.,  8.,  4.,  7.,  5.],
        [ 1., 11., 14., 11.,  7.,  9.,  7.,  6.,  5.,  2.],
        [ 0., 11., 11., 13.,  9., 11.,  8.,  8.,  8.,  3.],
        [ 3., 11., 15., 13.,  6., 12., 12.,  8.,  8.,  5.],
        [ 2.,  8., 10., 13.,  7., 15., 12., 11., 11.,  6.],
        [ 2.,  8.,  7., 14.,  6., 15., 13.,  8., 11.,  7.]],

       [[ 6.,  0., 12.,  8., 12., 13.,  6.,  9., 10.,  1.],
        [ 9.,  2., 11.,  8., 11., 12.,  6., 16., 11.,  2.],
        [ 7.,  3., 11.,  7., 12., 10.,  4., 18., 13.,  1.],
        [ 6.,  1.,  8.,  5., 11., 12.,  4., 18., 14.,  2.],
        [ 6.,  2.,  7.,  5., 11., 14.,  2., 14., 13.,  0.],
        [ 5.,  3.,  6.,  5., 12., 16.,  5., 16., 13.,  2.],
        [ 5.,  2.,  7.,  2., 13., 13.,  4., 13.,  8.,  0.],
        [ 6.,  0.,  4.,  4., 12., 12.,  2.,  8.,  8.,  0.],
        [ 9.,  1.,  5.,  3., 14., 13.,  2.,  6.,  8.,  3.],
        [10.,  2.,  4.,  4., 13., 15.,  3.,  8.,  5.,  2.]],

       [[ 1.,  1., 18., 14., 33.,  6., 12., 13., 16.,  9.],
        [ 2.,  0., 15., 15., 25.,  5.,  8., 14., 19., 12.],
        [ 2.,  1., 16., 13., 24.,  6.,  8., 11., 24., 12.],
        [ 1.,  0., 19., 13., 21.,  6., 11.,  9., 23., 12.],
        [ 0.,  1., 20., 13., 14.,  4.,  8.,  7., 22., 13.],
        [ 0.,  2., 24., 16., 17.,  3., 12.,  8., 21., 15.],
        [ 1.,  0., 22., 21., 16.,  4.,  6.,  8., 15.,  6.],
        [ 1.,  0., 20., 20., 19.,  5.,  4., 12., 17.,  7.],
        [ 1.,  0., 18., 17., 17.,  3.,  6., 14., 15.,  8.],
        [ 0.,  0., 23., 15., 18.,  3.,  6., 12., 17.,  9.]]])

Algo: Topological
N = 20

array([[[ 4., 10., 22.,  3., 11., 11.,  6.,  7.,  7., 18.],
        [ 3.,  8., 16.,  3.,  8., 14.,  6.,  7.,  8., 19.],
        [ 3., 12., 15.,  3.,  9., 13.,  6.,  9.,  8., 17.],
        [ 2., 10., 23.,  5.,  5., 11.,  7., 11., 10., 13.],
        [ 1.,  8., 19.,  5.,  6., 16.,  3., 13., 11., 14.],
        [ 1.,  6., 21.,  5.,  5., 14.,  3., 13.,  9., 20.],
        [ 3.,  6., 24.,  3.,  6.,  9.,  4.,  9., 10., 19.],
        [ 2., 11., 24.,  2.,  4., 11.,  7., 12.,  9., 16.],
        [ 2.,  9., 27.,  0.,  2., 16.,  5., 12.,  9., 12.],
        [ 2., 12., 27.,  2.,  5., 20.,  4., 13., 10., 11.]],

       [[ 0.,  3.,  6.,  6., 36., 23.,  9., 12., 10.,  3.],
        [ 0.,  4.,  6.,  5., 41., 21.,  9., 13., 14.,  2.],
        [ 2.,  4.,  8.,  6., 48., 26.,  8., 12., 12.,  1.],
        [ 2.,  4.,  7.,  5., 43., 27.,  8.,  9.,  8.,  0.],
        [ 1.,  3.,  5.,  3., 43., 26., 10.,  8.,  7.,  1.],
        [ 1.,  1.,  3.,  2., 39., 27., 17., 10., 13.,  2.],
        [ 2.,  2.,  4.,  4., 34., 28., 13., 11., 14.,  1.],
        [ 1.,  3.,  5.,  3., 30., 28., 13., 11., 11.,  0.],
        [ 3.,  1.,  6.,  5., 31., 21., 19., 10., 11.,  2.],
        [ 4.,  5.,  7.,  4., 32., 19., 21., 12., 11.,  1.]],

       [[ 4.,  9.,  5.,  7., 16., 10.,  7., 10., 10.,  2.],
        [ 3., 11.,  3.,  6., 18., 14.,  6., 11., 10.,  3.],
        [ 1.,  9.,  7.,  6., 17., 17.,  7., 11.,  7.,  0.],
        [ 0.,  8.,  7.,  7., 16., 15.,  4., 15.,  9.,  1.],
        [ 0.,  9.,  9.,  8., 14., 21.,  8., 13.,  9.,  1.],
        [ 2., 11., 11.,  5., 11., 15.,  7., 14., 12.,  2.],
        [ 1., 12.,  9.,  9., 10., 19.,  6., 10.,  9.,  2.],
        [ 1.,  9., 10.,  8., 12., 19., 12., 12., 10.,  0.],
        [ 2., 13., 10.,  7., 12., 18., 10., 20., 13.,  0.],
        [ 2., 11., 11.,  6., 12., 21., 11., 17., 10.,  1.]],

       [[12.,  2.,  3.,  1.,  6., 16.,  4., 10.,  7.,  1.],
        [ 4.,  2.,  3.,  5.,  5., 22.,  4., 13.,  8.,  2.],
        [ 5.,  2.,  2.,  7.,  6., 14.,  6., 13.,  6.,  2.],
        [ 5.,  2.,  2.,  5.,  5., 18., 10., 12.,  2.,  0.],
        [ 7.,  3.,  2.,  3.,  7., 22.,  9., 14.,  4.,  1.],
        [11.,  5.,  2.,  1.,  6., 20., 10.,  9.,  5.,  1.],
        [ 7.,  6.,  2.,  1.,  4., 21.,  8.,  8.,  3.,  1.],
        [ 7.,  4.,  2.,  2.,  8., 24.,  4.,  8.,  2.,  0.],
        [ 6.,  5.,  3.,  2.,  7., 18.,  4., 10.,  1.,  0.],
        [ 8.,  4.,  3.,  2.,  7., 22.,  7., 15.,  1.,  2.]]])

Algo: Topological
N = 25
array([[[11.,  2., 13.,  9.,  6.,  8.,  2., 14.,  9.,  8.],
        [12.,  1., 19., 10.,  6.,  7.,  1., 15.,  7.,  7.],
        [ 8.,  1., 21.,  9.,  4.,  9.,  1., 11.,  5.,  6.],
        [10.,  1., 23., 10.,  7.,  8.,  1.,  9.,  6.,  6.],
        [ 8.,  2., 18., 13.,  5.,  7.,  1., 10.,  2.,  3.],
        [ 7.,  0., 16., 10.,  6., 11.,  1., 12.,  3.,  4.],
        [11.,  0., 14., 17.,  1., 11.,  0.,  3.,  6.,  6.],
        [11.,  1.,  6., 16.,  1.,  9.,  1., 11.,  4.,  4.],
        [11.,  0.,  5., 10.,  5.,  4.,  1.,  9.,  5.,  4.],
        [15.,  0.,  5.,  8.,  2.,  8.,  0.,  6.,  5.,  3.]],

       [[ 6.,  9.,  7.,  2., 11.,  8.,  3.,  8., 18., 16.],
        [ 7.,  6.,  3.,  1., 12.,  7.,  3.,  5., 18., 10.],
        [ 4.,  5.,  2.,  3., 14.,  8.,  8.,  4., 12.,  7.],
        [ 8.,  4.,  4.,  5.,  7.,  6.,  4.,  2., 19.,  5.],
        [11.,  5.,  2.,  3.,  7.,  5.,  5.,  6., 17.,  6.],
        [ 9.,  8.,  1.,  0.,  3.,  5.,  5., 10., 12.,  5.],
        [ 8.,  8.,  3.,  1.x,  6.,  4.,  3.,  8., 17.,  2.],
        [11., 10.,  3.,  1.,  4.,  6.,  6.,  4., 20.,  7.],
        [ 5., 11.,  2.,  1.,  8.,  8.,  6.,  6., 20.,  9.],
        [ 9., 12.,  2.,  2., 12.,  4.,  7.,  9., 20., 10.]],

       [[11.,  1.,  3.,  8., 10.,  2.,  0.,  8.,  4.,  2.],
        [ 8.,  1.,  5.,  9., 10.,  3.,  0.,  7.,  5.,  5.],
        [ 7.,  1.,  3., 11.,  4.,  4.,  3.,  8.,  4.,  9.],
        [11.,  0.,  3.,  8.,  5.,  8.,  3.,  7.,  2.,  7.],
        [ 9.,  0.,  2.,  6.,  9., 10.,  2.,  9.,  2.,  5.],
        [13.,  0.,  2.,  7.,  8., 12.,  3., 10.,  3.,  7.],
        [17.,  1.,  3.,  9.,  7., 11.,  2.,  7.,  3.,  7.],
        [12.,  0.,  1.,  7.,  5., 11.,  2., 11.,  1.,  8.],
        [13.,  1.,  1.,  5.,  7.,  8.,  2.,  8.,  1.,  8.],
        [16.,  3.,  5.,  7.,  5.,  7.,  0., 10.,  1.,  8.]],

       [[ 7.,  6.,  4., 12.,  4.,  5.,  9.,  7., 12., 11.],
        [ 6.,  9.,  1.,  9.,  3.,  5., 10.,  6., 16., 12.],
        [ 2.,  7.,  3.,  6.,  3.,  5.,  8.,  5., 17., 10.],
        [ 6.,  7.,  1., 12.,  2.,  4.,  8.,  3., 18.,  9.],
        [ 4.,  5.,  3.,  6.,  1.,  1., 11.,  3., 21.,  7.],
        [ 6.,  7.,  0.,  3.,  1.,  2.,  9.,  3., 18., 10.],
        [ 8.,  8.,  2.,  5.,  1.,  1.,  3.,  3., 25., 13.],
        [ 9.,  7.,  3.,  6.,  1.,  2.,  1.,  3., 22., 12.],
        [ 6., 12.,  3.,  6.,  0.,  2.,  3.,  3., 17., 11.],
        [ 7., 15.,  7.,  6.,  1.,  7.,  5.,  5., 15., 13.]]])

Algo: Topological
N = 30

array([[[ 7.,  7.,  8.,  7.,  9.,  6.,  9.,  7., 20., 16.],
        [ 7.,  6.,  6.,  4.,  4.,  5., 13.,  6., 17.,  9.],
        [ 5.,  2., 11.,  3., 10.,  6., 11.,  5., 14., 13.],
        [ 3.,  2., 12.,  2.,  9.,  3., 13., 10., 16., 11.],
        [ 2.,  3., 10.,  7.,  7.,  3.,  9., 11., 19., 12.],
        [ 3.,  3.,  6.,  5.,  9.,  4., 10., 12., 16., 12.],
        [ 1.,  3.,  7.,  3.,  9.,  9., 10.,  9., 18., 11.],
        [ 3.,  2.,  6.,  4.,  7.,  8.,  7., 13., 21., 11.],
        [ 2.,  3.,  6.,  3., 10.,  5., 10., 10., 22., 10.],
        [ 5.,  3.,  7.,  1., 12.,  6., 11.,  8., 14.,  9.]],

       [[ 1.,  9., 13.,  8.,  4., 25.,  7.,  4.,  3.,  5.],
        [ 0.,  1.,  8.,  4.,  7., 23.,  4.,  4.,  1.,  4.],
        [ 0.,  3., 10.,  5.,  3., 21.,  8.,  3.,  2., 11.],
        [ 1.,  3., 10.,  3.,  3., 17.,  8.,  6.,  2.,  8.],
        [ 0.,  4.,  6.,  3.,  4., 25.,  5.,  7.,  2.,  6.],
        [ 0.,  1.,  8.,  0.,  3., 24.,  6.,  5.,  1.,  3.],
        [ 0.,  2.,  8.,  1.,  4., 26.,  6.,  3.,  3.,  6.],
        [ 0.,  3.,  6.,  3.,  4., 22.,  2.,  4.,  0.,  5.],
        [ 0.,  4.,  9.,  3.,  4., 24.,  7.,  6.,  1., 11.],
        [ 1.,  1.,  5.,  4.,  4., 26.,  2.,  8.,  3., 11.]],

       [[ 0.,  2., 10.,  2.,  7.,  4.,  5.,  7., 15.,  0.],
        [ 6.,  2.,  3.,  1.,  6.,  1.,  2.,  9., 19.,  0.],
        [ 3.,  1.,  8.,  3.,  8.,  3.,  4.,  7., 18.,  1.],
        [ 3.,  1.,  9.,  2.,  8.,  5.,  7.,  8., 17.,  1.],
        [ 3.,  5., 10.,  0.,  5.,  3.,  6.,  5., 13.,  1.],
        [ 3.,  5.,  8.,  1.,  5.,  4.,  4.,  6., 20.,  0.],
        [ 0.,  5.,  7.,  1.,  8.,  2.,  1.,  6., 23.,  0.],
        [ 6.,  4.,  5.,  1.,  6.,  3.,  3.,  8., 20.,  0.],
        [ 0.,  6.,  5.,  1.,  7.,  1.,  6.,  4., 20.,  0.],
        [ 4.,  8.,  8.,  1.,  4.,  2.,  5.,  5., 14.,  0.]],

       [[11., 10.,  7.,  6.,  2., 14., 12.,  9.,  0.,  2.],
        [14.,  9.,  6.,  6.,  1., 14.,  8., 10.,  0.,  3.],
        [11.,  6.,  9.,  5.,  3.,  9.,  6., 16.,  0.,  7.],
        [ 9.,  4.,  9.,  5.,  0.,  9.,  8., 19.,  0.,  7.],
        [10.,  8., 15.,  9.,  5., 14.,  8., 17.,  0.,  4.],
        [13.,  6., 11.,  8.,  0., 16.,  9., 12.,  1.,  5.],
        [15.,  7., 10., 11.,  2., 17., 13., 12.,  0.,  9.],
        [12.,  6.,  2.,  6.,  0., 12.,  8., 11.,  1., 11.],
        [16.,  6.,  1.,  5.,  1., 13.,  6., 14.,  1.,  8.],
        [11.,  5.,  9.,  4.,  0., 14.,  5., 15.,  0., 10.]]])

Algo: Topological
N = 40

array([[[ 8., 10., 10.,  6., 29., 28.,  8.,  6.,  2., 17.],
        [ 9., 10., 10.,  9., 27., 39., 14.,  7.,  3., 14.],
        [ 8., 11.,  9., 10., 32., 34., 14.,  9.,  7., 13.],
        [ 8., 10.,  8.,  8., 28., 29., 13.,  5.,  6., 17.],
        [12., 14.,  9.,  8., 22., 23., 10.,  6.,  4., 19.],
        [11., 14.,  7.,  7., 22., 22., 12.,  4.,  5., 12.],
        [ 9., 17.,  6.,  9., 29., 28., 17.,  3.,  1., 14.],
        [ 7., 14.,  7., 10., 24., 22., 12.,  7.,  1., 13.],
        [10., 15.,  3.,  8., 25., 33., 20.,  5.,  2., 21.],
        [ 7., 17., 11.,  7., 28., 29., 18.,  8.,  2., 17.]],

       [[ 6., 12.,  3.,  3.,  0.,  5.,  5.,  8.,  2.,  5.],
        [ 5.,  7.,  4.,  7.,  0., 10.,  8.,  6.,  1.,  5.],
        [ 1.,  8.,  5.,  5.,  0.,  7.,  3.,  6.,  2.,  3.],
        [ 4.,  7.,  0.,  5.,  0.,  9.,  4.,  6.,  3.,  3.],
        [ 3., 13.,  3., 10.,  0.,  9.,  4.,  6.,  3.,  4.],
        [ 1., 13.,  7.,  7.,  0.,  8.,  3.,  5.,  2.,  4.],
        [ 1., 16.,  4.,  5.,  0.,  9.,  3.,  5.,  2.,  3.],
        [ 0.,  5.,  3.,  8.,  0.,  7.,  5.,  4.,  4.,  3.],
        [ 2.,  5.,  2.,  7.,  0.,  5.,  5.,  6.,  4.,  2.],
        [ 5.,  9.,  3.,  9.,  0.,  1.,  2.,  9.,  5.,  0.]],

       [[14.,  2.,  8.,  8.,  4.,  9., 21.,  3.,  7.,  3.],
        [12.,  2.,  9.,  2.,  6.,  7., 23.,  3.,  7.,  2.],
        [12.,  7.,  4.,  6.,  9.,  5., 24.,  3.,  6.,  3.],
        [ 9.,  6.,  2.,  3.,  7.,  7., 17.,  3.,  5.,  2.],
        [14.,  3.,  3.,  2.,  5.,  7., 19.,  1.,  2.,  1.],
        [ 9.,  2.,  3.,  4.,  8.,  8., 19.,  1.,  3.,  4.],
        [ 6.,  7.,  6.,  5.,  4.,  6., 26.,  0.,  5.,  4.],
        [ 8.,  7.,  9.,  5.,  4., 11., 27.,  2.,  9.,  3.],
        [ 7.,  6.,  4., 10.,  4.,  8., 20.,  3.,  7.,  3.],
        [13.,  6.,  3.,  2.,  5.,  3., 17.,  5.,  9.,  2.]],

       [[14.,  5.,  1.,  9.,  4.,  6.,  2.,  3., 20.,  5.],
        [17.,  8.,  2.,  5.,  4.,  3.,  1.,  2., 17.,  5.],
        [18., 10.,  5.,  4.,  3.,  2.,  0.,  1., 21.,  3.],
        [12.,  5.,  3.,  6.,  5.,  6.,  3.,  0., 20.,  1.],
        [15.,  5.,  5.,  8.,  1., 17.,  1.,  1., 27.,  3.],
        [17.,  7.,  2.,  6.,  1., 13.,  1.,  1., 26.,  4.],
        [21.,  4.,  2.,  6.,  3.,  4.,  1.,  3., 19.,  4.],
        [22.,  5.,  4.,  3.,  2.,  4.,  1.,  1., 27.,  4.],
        [23.,  4.,  4.,  5.,  6.,  6.,  1.,  1., 28.,  7.],
        [21.,  2.,  4.,  7.,  7.,  5.,  1.,  2., 21.,  4.]]])